0.353553390593, 0.490392640202, 0.461939766256, 0.415734806151, 0.353553390593, 0.27778511651, 0.191341716183, 0.0975451610081, 

0.353553390593, 0.415734806151, 0.191341716183, -0.0975451610081, -0.353553390593, -0.490392640202, -0.461939766256, -0.27778511651, 

0.353553390593, 0.27778511651, -0.191341716183, -0.490392640202, -0.353553390593, 0.0975451610081, 0.461939766256, 0.415734806151, 

0.353553390593, 0.0975451610081, -0.461939766256, -0.27778511651, 0.353553390593, 0.415734806151, -0.191341716183, -0.490392640202, 

0.353553390593, -0.0975451610081, -0.461939766256, 0.27778511651, 0.353553390593, -0.415734806151, -0.191341716183, 0.490392640202, 

0.353553390593, -0.27778511651, -0.191341716183, 0.490392640202, -0.353553390593, -0.0975451610081, 0.461939766256, -0.415734806151, 

0.353553390593, -0.415734806151, 0.191341716183, 0.0975451610081, -0.353553390593, 0.490392640202, -0.461939766256, 0.27778511651, 

0.353553390593, -0.490392640202, 0.461939766256, -0.415734806151, 0.353553390593, -0.27778511651, 0.191341716183, -0.0975451610081, 

